labels  [19 13  5 10 19  7  5 19 10 13  0  5 13 10  7  7  7 19  7 11  0 11  5 19
  5 13 19 19 19  5 13  0  7  7 13 13  0 13 10 19 19 18 10 19 11 13 11  5
 11 19  1 14 16  2  4 17 14  9  4  9  9  8  3  8 15 16 15 17  3  2  8  8
  3  8  4  4  4 16  8 17  2  2 17 17 15 14 16  3 15  2  2  8 17  9 17 15
 15  8  9 17 14 17  1  4  4 12  9  1  4  1 14  4 16  2 17 14  4  6 12  3
 16 15 12  4 16  1  8  8  4  1 12  6  4  4  3 12 14 14  8 16 16 16 17 16
 16 16  3  4 14  8]
centroids  [[5.425      3.5       ]
 [7.16666667 3.15      ]
 [5.54285714 2.45714286]
 [6.17142857 2.35714286]
 [6.48       2.84      ]
 [4.68571429 3.34285714]
 [7.8        3.8       ]
 [5.52857143 4.04285714]
 [6.05       2.94166667]
 [5.01666667 2.4       ]
 [4.42       3.04      ]
 [5.14       3.76      ]
 [7.62       2.84      ]
 [4.88888889 3.06666667]
 [6.31111111 3.27777778]
 [5.6        2.94285714]
 [6.77692308 3.12307692]
 [5.77272727 2.70909091]
 [4.5        2.3       ]
 [5.06666667 3.44166667]]